name: brep_env
channels:
  - conda-forge
dependencies:
  - asttokens=3.0.0=pyhd8ed1ab_1
  - bzip2=1.0.8=h2466b09_7
  - ca-certificates=2025.8.3=h4c7d964_0
  - colorama=0.4.6=pyhd8ed1ab_1
  - comm=0.2.3=pyhe01879c_0
  - cpython=3.12.11=py312hd8ed1ab_0
  - debugpy=1.8.16=py312ha1a9051_0
  - decorator=5.2.1=pyhd8ed1ab_0
  - exceptiongroup=1.3.0=pyhd8ed1ab_0
  - executing=2.2.0=pyhd8ed1ab_0
  - importlib-metadata=8.7.0=pyhe01879c_1
  - ipykernel=6.30.1=pyh3521513_0
  - ipython=9.4.0=pyh6be1c34_0
  - ipython_pygments_lexers=1.1.1=pyhd8ed1ab_0
  - jedi=0.19.2=pyhd8ed1ab_1
  - jupyter_client=8.6.3=pyhd8ed1ab_1
  - jupyter_core=5.8.1=pyh5737063_0
  - krb5=1.21.3=hdf4eb48_0
  - libexpat=2.7.1=hac47afa_0
  - libffi=3.4.6=h537db12_1
  - liblzma=5.8.1=h2466b09_2
  - libsodium=1.0.20=hc70643c_0
  - libsqlite=3.50.4=hf5d6505_0
  - libzlib=1.3.1=h2466b09_2
  - matplotlib-inline=0.1.7=pyhd8ed1ab_1
  - nest-asyncio=1.6.0=pyhd8ed1ab_1
  - openssl=3.5.2=h725018a_0
  - packaging=25.0=pyh29332c3_1
  - parso=0.8.4=pyhd8ed1ab_1
  - pickleshare=0.7.5=pyhd8ed1ab_1004
  - pip=25.2=pyh8b19718_0
  - platformdirs=4.3.8=pyhe01879c_0
  - prompt-toolkit=3.0.51=pyha770c72_0
  - psutil=7.0.0=py312h4389bb4_0
  - pure_eval=0.2.3=pyhd8ed1ab_1
  - pygments=2.19.2=pyhd8ed1ab_0
  - python=3.12.11=h3f84c4b_0_cpython
  - python-dateutil=2.9.0.post0=pyhe01879c_2
  - python_abi=3.12=8_cp312
  - pywin32=311=py312h829343e_0
  - pyzmq=27.0.1=py312h5b324a9_0
  - setuptools=80.9.0=pyhff2d567_0
  - six=1.17.0=pyhe01879c_1
  - stack_data=0.6.3=pyhd8ed1ab_1
  - tk=8.6.13=h2c6b04d_2
  - tornado=6.5.2=py312he06e257_0
  - traitlets=5.14.3=pyhd8ed1ab_1
  - typing_extensions=4.14.1=pyhe01879c_0
  - ucrt=10.0.22621.0=h57928b3_1
  - vc=14.3=h41ae7f8_31
  - vc14_runtime=14.44.35208=h818238b_31
  - vcomp14=14.44.35208=h818238b_31
  - wcwidth=0.2.13=pyhd8ed1ab_1
  - wheel=0.45.1=pyhd8ed1ab_1
  - zeromq=4.3.5=ha9f60a1_7
  - zipp=3.23.0=pyhd8ed1ab_0
  - pip:
      - aiohappyeyeballs==2.6.1
      - aiohttp==3.12.15
      - aiosignal==1.4.0
      - attrs==25.3.0
      - certifi==2025.8.3
      - charset-normalizer==3.4.3
      - contourpy==1.3.3
      - cycler==0.12.1
      - filelock==3.18.0
      - fonttools==4.59.0
      - frozenlist==1.7.0
      - fsspec==2025.7.0
      - h5py==3.14.0
      - idna==3.10
      - jinja2==3.1.6
      - joblib==1.5.1
      - kiwisolver==1.4.9
      - markupsafe==3.0.2
      - matplotlib==3.10.5
      - mpmath==1.3.0
      - multidict==6.6.4
      - networkx==3.5
      - numpy==2.3.2
      - pandas==2.3.1
      - pillow==11.3.0
      - propcache==0.3.2
      - pyparsing==3.2.3
      - pytz==2025.2
      - requests==2.32.4
      - scikit-learn==1.7.1
      - scipy==1.16.1
      - sympy==1.14.0
      - threadpoolctl==3.6.0
      - torch==2.2.2+cu121
      - torch-geometric==2.6.1
      - torch-scatter==2.1.2+pt22cu121
      - torch-sparse==0.6.18+pt22cu121
      - torchaudio==2.2.2+cu121
      - torchvision==0.17.2+cu121
      - tqdm==4.67.1
      - tzdata==2025.2
      - urllib3==2.5.0
      - yarl==1.20.1
prefix: D:\bdy\envs\brep_env
